2
200
1
1.000000000000000000e+00 0.000000000000000000e+00
9.961080499525113430e-01 9.234310087132071871e-04
9.918222174826910598e-01 1.937984172264831974e-03
9.871008779933967414e-01 3.026528535735630021e-03
9.819087936622564738e-01 4.209379256684893031e-03
9.762042457891836333e-01 5.489603503911699711e-03
9.699413610421500076e-01 6.861301150642665214e-03
9.630763503607306930e-01 8.337234304737262125e-03
9.555617850875974817e-01 9.922083683908308402e-03
9.473480501167403922e-01 1.161680955533971916e-02
9.383854515814448183e-01 1.342656063952498043e-02
9.286233290318196554e-01 1.535334113981822943e-02
9.180110653498548823e-01 1.739728507833843141e-02
9.064993211759744263e-01 1.955837687614779899e-02
8.940417694888382893e-01 2.184022056572718085e-02
8.805929040991488099e-01 2.423176230254742852e-02
8.661137923257193894e-01 2.673110444979368006e-02
8.505700146432276787e-01 2.932600358294512946e-02
8.339347727810808575e-01 3.200231045312924849e-02
8.161892214749399965e-01 3.473572004907562322e-02
7.973262420346716173e-01 3.750500796418119315e-02
7.773496589528987588e-01 4.027648070151843701e-02
7.562767589105042765e-01 4.300978005119773795e-02
7.341411973348462849e-01 4.567093138563819987e-02
7.109914851930474455e-01 4.821379698367041222e-02
6.868937095971998641e-01 5.059755988227963158e-02
6.619311732160247930e-01 5.278636435234534269e-02
6.362037533740475537e-01 5.475146067426298752e-02
6.098262535447978028e-01 5.646655078118242854e-02
5.829275134699580807e-01 5.792434215078832299e-02
5.556470199840903845e-01 5.912704830267451889e-02
5.281315705806330918e-01 6.007249769077480789e-02
5.005332859696463021e-01 6.078406171579329303e-02
4.730049617286293251e-01 6.127305219202554970e-02
4.456975156453358844e-01 6.155763347855369716e-02
4.187566143682383002e-01 6.165199999999999847e-02
3.923198697447052852e-01 6.156739759522653066e-02
3.665143692742380832e-01 6.130852638521987197e-02
3.414546364121293087e-01 6.087805494625227187e-02
3.172410315741209241e-01 6.027732949502530302e-02
2.939587683176955180e-01 5.950501559638241011e-02
2.716771997662101867e-01 5.856393860576657173e-02
2.504497971200482787e-01 5.745886458920512752e-02
2.303144937295787120e-01 5.619716116708724923e-02
2.112942019615965117e-01 5.479195404236268663e-02
1.933980417026577026e-01 5.325798715607695660e-02
1.766224313368139065e-01 5.161347269392319720e-02
1.609526208148865101e-01 4.987793558117240705e-02
1.463641624767814120e-01 4.807211017997722879e-02
1.328247601717851001e-01 4.621495941309360783e-02
1.202954166269997044e-01 4.432631086097674894e-02
1.087324757722783058e-01 4.242244240980672099e-02
9.808872350132062656e-02 4.051794673311070322e-02
8.831409349140584286e-02 3.862813472573090046e-02
7.935830453973416465e-02 3.676095494401539210e-02
7.116963858922623065e-02 3.492797056419744833e-02
6.369742628283642238e-02 3.313580346512014219e-02
5.689273729691504689e-02 3.138693711376962930e-02
5.070668947388783793e-02 2.968846222761028011e-02
4.509358926427348840e-02 2.804127190153489838e-02
4.000931393069283998e-02 2.644752267187620853e-02
3.541178244575030748e-02 2.490936861851882067e-02
3.126197593879805059e-02 2.342626384120221131e-02
2.752292366316344899e-02 2.199854987040976081e-02
2.416118371140045865e-02 2.062350905878014909e-02
2.114405233508153889e-02 1.930244223176402069e-02
1.844179872924642943e-02 1.803470295023430064e-02
1.602686045023000994e-02 1.681961191528625124e-02
1.387450106295269082e-02 1.565508029725084030e-02
1.196262616660549033e-02 1.453835232988036005e-02
1.026618484510401046e-02 1.347446369299408996e-02
8.771721436630979321e-03 1.245295248588888966e-02
7.455588015759273199e-03 1.148146393630218934e-02
6.301701139279444579e-03 1.055815496191878956e-02
5.296000555318578808e-03 9.680662023969711233e-03
4.424588160777987410e-03 8.848217364225450382e-03
3.674567494938297055e-03 8.060323532040412908e-03
3.032744082372699785e-03 7.317643435844834593e-03
2.485359667876030874e-03 6.621559265470042602e-03
2.017016314677631990e-03 5.974083374247962305e-03
1.633614346823209071e-03 5.363496771192259073e-03
1.310830392659707942e-03 4.799664464704967576e-03
1.041084521171492094e-03 4.279019825382767567e-03
8.252152255301572863e-04 3.796971566165009953e-03
6.460559046273016501e-04 3.355246709795469892e-03
4.984644943483095784e-04 2.952201886371021936e-03
3.901721345139298248e-04 2.580295732456213114e-03
2.925636394031231918e-04 2.245080948499239212e-03
2.188785456424035885e-04 1.939635308582046951e-03
1.698597039810036059e-04 1.660316025988030093e-03
1.256852456297386086e-04 1.408601020136090055e-03
8.587843279114125645e-05 1.181773742550973078e-03
5.727565266423082299e-05 9.765349482081386737e-04
4.632768700641074318e-05 7.898749874859367507e-04
3.646339820380072998e-05 6.216914346692146379e-04
2.757581624940614920e-05 4.701604790219743877e-04
1.956847417101940080e-05 3.336373838135705161e-04
1.235438734335589039e-05 2.106390838566857965e-04
5.855129989634827801e-06 9.982844010000688694e-05
0.000000000000000000e+00 0.000000000000000000e+00
0.000000000000000000e+00 0.000000000000000000e+00
4.771948116061133385e-06 -9.988607766439147758e-05
1.006896662478153922e-05 -2.107628913436847870e-04
1.594870105508928954e-05 -3.338370731385383256e-04
2.247509556579657951e-05 -4.704470976211715940e-04
2.971907418023228071e-05 -6.220775413901132554e-04
3.775929407533962982e-05 -7.903748508638757135e-04
4.668297816622161674e-05 -9.771647698812839251e-04
5.658683486485863845e-05 -1.184471592025363937e-03
7.920494019712909077e-05 -1.413429597981617899e-03
1.155290278845721042e-04 -1.666442825042246945e-03
1.558373917200049088e-04 -1.947208285672450074e-03
2.005645394664472075e-04 -2.258752517310701809e-03
2.519462185818380846e-04 -2.604092337298723799e-03
3.423680875445731116e-04 -2.980845284797768030e-03
4.426814972122541155e-04 -3.398812455787714182e-03
5.539590327969725215e-04 -3.862462897908639035e-03
7.212344062239215391e-04 -4.364110056895914233e-03
9.087580095593017710e-04 -4.919898881704482668e-03
1.146519481760234927e-03 -5.524747023932890383e-03
1.434426794274637094e-03 -6.186045723250701775e-03
1.788917894939987896e-03 -6.902131675679559764e-03
2.205840056939527890e-03 -7.684304296757985681e-03
2.726924737928055828e-03 -8.516903614474092415e-03
3.339017963224305986e-03 -9.416259258933613874e-03
4.062719207304703144e-03 -1.038024397950708042e-02
4.917328809230334108e-03 -1.140628019465248985e-02
5.920585215137353155e-03 -1.249253317945456937e-02
7.090344681820888104e-03 -1.363737426603612961e-02
8.445597022966168030e-03 -1.483884615907759066e-02
1.000408592607954054e-02 -1.609768729862232073e-02
1.178703951205247076e-02 -1.741241802136703903e-02
1.381823687380765928e-02 -1.877970082147483941e-02
1.612697815923863978e-02 -2.018926646810964912e-02
1.873165638412574094e-02 -2.165072465536386007e-02
2.166771525004353161e-02 -2.314808300123511950e-02
2.496147452115974122e-02 -2.468438419000835993e-02
2.864446963619458886e-02 -2.625795811891296072e-02
3.275272988323885137e-02 -2.786130804188106935e-02
3.732356652973749245e-02 -2.948796863389317041e-02
4.239499097476571304e-02 -3.113549350595823037e-02
4.800802102219853262e-02 -3.279923399929673272e-02
5.420610192747785105e-02 -3.447323826084083137e-02
6.103433536285062661e-02 -3.615223816652052280e-02
6.853892168813952024e-02 -3.783348204473403753e-02
7.676784144825175848e-02 -3.951295422039455274e-02
8.577019323767846870e-02 -4.118575478278212881e-02
9.559600505008809812e-02 -4.284323556789122744e-02
1.062937195101130994e-01 -4.448362449587042050e-02
1.179105259925598975e-01 -4.610641249959193666e-02
1.304935341881570954e-01 -4.769543431484519341e-02
1.440838212167704913e-01 -4.925400763236725821e-02
1.587198518654268919e-01 -5.076833496498384807e-02
1.744338323685827863e-01 -5.222345543699170867e-02
1.912498070256974936e-01 -5.360750585676692104e-02
2.091841456490806106e-01 -5.488563615746919200e-02
2.282405419035347105e-01 -5.604100344993556693e-02
2.484121321671418081e-01 -5.701766495831368797e-02
2.696758200013262829e-01 -5.778942064068542245e-02
2.919943461219193792e-01 -5.828349348104165661e-02
3.153121687064895928e-01 -5.846799962318755678e-02
3.395566835391803928e-01 -5.826982494194814233e-02
3.646377093693606852e-01 -5.766317644977374257e-02
3.904481784090226837e-01 -5.660282457878155343e-02
4.168670375588632848e-01 -5.508040255158504206e-02
4.437619608344198774e-01 -5.310903064596170231e-02
4.709907411931478771e-01 -5.070210288731302056e-02
4.984098518389855070e-01 -4.793397902736144800e-02
5.258715681421728405e-01 -4.486288127610753296e-02
5.532305414057829829e-01 -4.156896616517331833e-02
5.803463758487785729e-01 -3.814574203727168905e-02
6.070833969217680481e-01 -3.467514706336236041e-02
6.333135119847717043e-01 -3.123164817815828054e-02
6.589180247906913923e-01 -2.787889503342887848e-02
6.837892662884319517e-01 -2.466747053403934090e-02
7.078313049327653594e-01 -2.162824021545518838e-02
7.309626974428038437e-01 -1.878478973486159137e-02
7.531162151919288394e-01 -1.614633748767424840e-02
7.742399363528819078e-01 -1.371542632827600985e-02
7.942977594718958478e-01 -1.149596832860316949e-02
8.132669104134565563e-01 -9.478075748002114109e-03
8.311388648577908711e-01 -7.656073305842286611e-03
8.479183138610162374e-01 -6.033339833250094333e-03
8.636189332252297568e-01 -4.594970213547350246e-03
8.782655277030508856e-01 -3.346332684620552996e-03
8.918883742994572206e-01 -2.268551198278606802e-03
9.045260227307675427e-01 -1.370084634871133024e-03
9.162197196544397126e-01 -6.344115865531821993e-04
9.270144779658313627e-01 -4.914123772811203978e-05
9.369577199650007682e-01 3.952836603034662181e-04
9.460979761396339782e-01 7.104203238799036008e-04
9.544841003133790469e-01 9.097995780078876275e-04
9.621646701557472481e-01 1.008758364954812038e-03
9.691875383688669521e-01 1.024399010793176088e-03
9.755995411211392243e-01 9.755769227950523113e-04
9.814450906380620676e-01 8.425364161847529593e-04
9.867677298373851436e-01 6.719349405853533184e-04
9.916093794977456355e-01 4.799460494633217057e-04
9.960067295751920957e-01 2.319295460996675972e-04
1.000000000000000000e+00 0.000000000000000000e+00
2
1.000000000000000000e+00 0.000000000000000000e+00
9.960710679841714432e-01 7.506618513000688645e-04
9.917453207257185266e-01 1.576193243671433980e-03
9.869852845557376408e-01 2.475042713332785849e-03
9.817535194742488258e-01 3.458533231692621866e-03
9.760091971247385478e-01 4.532629839900889981e-03
9.697088839411125427e-01 5.701353765396149388e-03
9.628079940906020262e-01 6.973629287920157620e-03
9.552600165204530036e-01 8.357745793055806546e-03
9.470164175469244494e-01 9.858775224864764139e-03
9.380285218320179030e-01 1.148628586618443033e-02
9.282466799760485943e-01 1.324644805835883087e-02
9.176213422961601029e-01 1.514387857006031964e-02
9.061044403840251560e-01 1.718441272048605931e-02
8.936494084216836109e-01 1.936940900415402844e-02
8.802129623397962899e-01 2.169906722041103908e-02
8.657559612777594449e-01 2.416972541126094845e-02
8.502440513655171728e-01 2.676891971994722896e-02
8.336506888539625404e-01 2.948383059230542946e-02
8.159568492500361980e-01 3.228948127020839221e-02
7.971541434859901187e-01 3.515728668768616089e-02
7.772458993489681500e-01 3.805146674585605654e-02
7.562476730847120798e-01 4.092124782495570184e-02
7.341923213426746475e-01 4.372767794480886261e-02
7.111269193033560310e-01 4.641440897000340127e-02
6.871164718857730724e-01 4.893098435293687792e-02
6.622436915446325845e-01 5.123423959554308099e-02
6.366080684427207759e-01 5.328810189361474214e-02
6.103245164577022486e-01 5.506414962732990998e-02
5.835217428250624172e-01 5.654854873015940919e-02
5.563395654069790419e-01 5.774565178015426264e-02
5.289249414536566496e-01 5.865751136783529940e-02
5.014297551623406735e-01 5.930783411747454770e-02
4.740064848857671875e-01 5.970826694623000697e-02
4.468056749696828756e-01 5.988636715996432935e-02
4.199723556439817762e-01 5.985771912963473718e-02
3.936435111801939724e-01 5.963407849045061770e-02
3.679456197809062856e-01 5.922377215798119154e-02
3.429926581431375077e-01 5.863066989405185669e-02
3.188846127579892942e-01 5.785449048167917718e-02
2.957063481445265096e-01 5.689662495699279732e-02
2.735269698514272152e-01 5.576137321761486659e-02
2.523998418264050136e-01 5.445392036134415886e-02
2.323626548842722128e-01 5.298562113770136778e-02
2.134381452133050916e-01 5.137198549572955658e-02
1.956347764215516094e-01 4.963511528894155866e-02
1.789487250783504124e-01 4.779477364617194801e-02
1.633643933240679080e-01 4.587697357085267214e-02
1.488566602357254132e-01 4.390594474520147922e-02
1.353922321873883006e-01 4.190576069019229244e-02
1.229311119046837958e-01 3.990003854202098937e-02
1.114286044882816934e-01 3.790847005454851121e-02
1.008371072907155996e-01 3.594499738466151728e-02
9.110562967304718096e-02 3.402703253401497679e-02
8.218324323297299117e-02 3.216299717720678963e-02
7.401822134743027415e-02 3.036184405516376139e-02
6.655945943683559685e-02 2.862984865029110856e-02
5.975747307270635328e-02 2.696930392768280907e-02
5.356385797403009214e-02 2.538319354339977144e-02
4.793290040371132876e-02 2.387031971291496066e-02
4.282030263655917796e-02 2.243148838693636085e-02
3.818500559530652039e-02 2.106352303319342090e-02
3.398760502762891711e-02 1.976554277433261939e-02
3.019214998673342906e-02 1.853304999557781052e-02
2.676445817105626082e-02 1.736366309729460086e-02
2.367247567520365872e-02 1.625560321157533059e-02
2.088763246668792067e-02 1.520387469986638970e-02
1.838253336661652138e-02 1.420648691843178976e-02
1.613212129173229037e-02 1.326089815412367923e-02
1.411533421508807083e-02 1.236022316082113076e-02
1.230870625648614915e-02 1.150761479291671947e-02
1.069564511100451996e-02 1.069510761468134979e-02
9.256073095447773028e-03 9.925591294005811985e-03
7.976388695843312712e-03 9.192518292366216523e-03
6.842160746798026105e-03 8.494065065084698343e-03
5.838908246042760243e-03 7.830668522298441306e-03
4.954622624970960940e-03 7.200646375351318386e-03
4.177849469474931125e-03 6.603166600393201892e-03
3.497877906317464151e-03 6.037568712189553093e-03
2.912097362069980978e-03 5.495699863221783707e-03
2.405654876336791020e-03 4.984570086075499826e-03
1.966684292729975036e-03 4.506599837304613686e-03
1.596544003360495997e-03 4.052865582699186758e-03
1.285185563794082921e-03 3.627057143686472813e-03
1.018737899794802063e-03 3.232509139807705940e-03
8.060375391304772487e-04 2.860275849257275845e-03
6.247808591782495063e-04 2.518414399860266929e-03
4.799226427615731097e-04 2.201846960173333995e-03
3.678693495288678150e-04 1.908106231231439069e-03
2.668759894087586126e-04 1.643358428073488911e-03
2.003652733686808924e-04 1.397297789835060021e-03
1.487235073227619986e-04 1.173022890681035997e-03
1.021860232553800033e-04 9.709153652177609107e-04
6.074204744020327755e-05 7.887165358624643888e-04
4.781090599433213291e-05 6.208096984122565744e-04
3.615918448789706328e-05 4.695157297254661899e-04
2.566061255263264913e-05 3.331950484636737181e-04
1.620132219870588978e-05 2.103691143031411891e-04
7.678640900180001467e-06 9.970475652609214409e-05
0.000000000000000000e+00 0.000000000000000000e+00
0.000000000000000000e+00 0.000000000000000000e+00
5.731698805108713621e-06 -9.983560301216104678e-05
1.209388063319352998e-05 -2.106530553726594104e-04
1.915574266463218982e-05 -3.336576441115108259e-04
2.699404053394677001e-05 -4.701863105645478070e-04
3.569390555508171800e-05 -6.217218849278173228e-04
4.534974835389645907e-05 -7.899088258660053301e-04
5.606625758772780808e-05 -9.765706163619302001e-04
8.026713090753303246e-05 -1.182318593067079949e-03
1.194173761480210952e-04 -1.409240799410930002e-03
1.628627771320040123e-04 -1.661058538641412051e-03
2.110721091474938057e-04 -1.940488920753157941e-03
2.753455143100743741e-04 -2.248065245508041893e-03
3.721046191601969089e-04 -2.583481064684681975e-03
4.794535000440173882e-04 -2.955606384313419141e-03
6.126750003362275987e-04 -3.363537606427444062e-03
7.918005097534508777e-04 -3.805196215541237909e-03
9.904793688987752979e-04 -4.295066300912798313e-03
1.260880144977020003e-03 -4.815167894345769722e-03
1.563468722555718098e-03 -5.390519996007487290e-03
1.952462824788440965e-03 -5.997390293174500314e-03
2.402592445709319114e-03 -6.656995588088684274e-03
2.937624546411542106e-03 -7.362940720959673148e-03
3.578336239924000042e-03 -8.106408817858415383e-03
4.323879947560797278e-03 -8.897738981818699780e-03
5.190528183503516878e-03 -9.734265463795809675e-03
6.193978048486007901e-03 -1.061349336647915940e-02
7.349772091867871893e-03 -1.153359867184788022e-02
8.672951173693273230e-03 -1.249449768891944083e-02
1.018071358339203009e-02 -1.349506484402867960e-02
1.189084968640866970e-02 -1.453540906273853052e-02
1.382446724930105030e-02 -1.561252026827457916e-02
1.600561338430234876e-02 -1.672028277502785043e-02
1.845144599721863093e-02 -1.786974833244384109e-02
2.119453054185702068e-02 -1.904384588613540832e-02
2.425566844711303169e-02 -2.025621541945233847e-02
2.766912499923472948e-02 -2.149338618394067146e-02
3.146403297887340189e-02 -2.276021659004229952e-02
3.567429029265448831e-02 -2.405584814488898049e-02
4.033642436703339940e-02 -2.537829977271794865e-02
4.548886514154473759e-02 -2.672705854994018859e-02
5.117265097944134061e-02 -2.810047193516115871e-02
5.743026379106808132e-02 -2.950019258358102872e-02
6.430606950307024561e-02 -3.092942037423190155e-02
7.184647843721586602e-02 -3.239080223041577999e-02
8.009891876063349181e-02 -3.389010392007094086e-02
8.911185636693003120e-02 -3.543369843465334762e-02
9.893371238490446251e-02 -3.703171394882773249e-02
1.096135813882567062e-01 -3.868896777505820284e-02
1.211978624566580065e-01 -4.042065416028296082e-02
1.337314399544826948e-01 -4.223842707037059330e-02
1.472567784584299933e-01 -4.414761941785159960e-02
1.618106442171408921e-01 -4.616075492544244319e-02
1.774258790452039047e-01 -4.827445053936051805e-02
1.941280083869993123e-01 -5.048207458388995206e-02
2.119347078033169129e-01 -5.276546161843923693e-02
2.308550994941249990e-01 -5.508615747723764194e-02
2.508865245892005769e-01 -5.739615634156600144e-02
2.720146589328096276e-01 -5.962008793139438045e-02
2.942096814633554103e-01 -6.167000715652534715e-02
3.174244884883650197e-01 -6.344362205037917812e-02
3.415934176207445216e-01 -6.481551969909171707e-02
3.666276822699588989e-01 -6.569524352010942814e-02
3.924191562550006784e-01 -6.594105939521831272e-02
4.188381478760985210e-01 -6.551650432688173320e-02
4.457392490123511797e-01 -6.434779459812617342e-02
4.729672808401225170e-01 -6.244545976958108813e-02
5.003647372096273749e-01 -5.986721393801743007e-02
5.277713300957519449e-01 -5.665878957528217713e-02
5.550405833944127565e-01 -5.296378252730579717e-02
5.820329837516564631e-01 -4.891488190133724823e-02
6.086185897559530655e-01 -4.464517552245857168e-02
6.346785315735135047e-01 -4.028656021005334875e-02
6.601059002657259089e-01 -3.596641746933158801e-02
6.848021107410378061e-01 -3.178071872964791794e-02
7.086795214224441697e-01 -2.780479441774139082e-02
7.316618081828184517e-01 -2.409086844264474864e-02
7.536845680720347662e-01 -2.066801995025586980e-02
7.746963724739130974e-01 -1.754680256878805855e-02
7.946611330314312660e-01 -1.473678623308543982e-02
8.135536152592086623e-01 -1.221951981043353959e-02
8.313627950433370994e-01 -9.977464370412834210e-03
8.480919077760007418e-01 -8.007680201703162512e-03
8.637518353559494599e-01 -6.279915016808410196e-03
8.783659911007788423e-01 -4.790803469342781382e-03
8.919626260930149098e-01 -3.509201326178188179e-03
9.045795826031659548e-01 -2.438790333662912979e-03
9.162567929047200632e-01 -1.554212027754630103e-03
9.270385183307675581e-01 -8.384240786097121043e-04
9.369716456222099144e-01 -2.785020994419745905e-04
9.461042618811246196e-01 1.397185590460845914e-04
9.544848431849930481e-01 4.317311294266144221e-04
9.621616359578113453e-01 6.143160154839876321e-04
9.691821863717680063e-01 7.055838500748632270e-04
9.755930349116435085e-01 7.251453235815148377e-04
9.814387104408410778e-01 6.533940319662521947e-04
9.867621887604172137e-01 5.381070835496575520e-04
9.916051701231773929e-01 3.958882232615964949e-04
9.960046115544465284e-01 1.920186687224705090e-04
1.000000000000000000e+00 0.000000000000000000e+00
