
   1.0000000e+00   0.0000000e+00
   9.9651000e-01   5.0917145e-04
   9.9047000e-01   1.3827934e-03
   9.8350000e-01   2.3778468e-03
   9.7576000e-01   3.4694714e-03
   9.6746000e-01   4.6272605e-03
   9.5883000e-01   5.8200158e-03
   9.5002000e-01   7.0289719e-03
   9.4111000e-01   8.2423171e-03
   9.3212000e-01   9.4248918e-03
   9.2310000e-01   1.0596141e-02
   9.1407000e-01   1.1754858e-02
   9.0504000e-01   1.2901135e-02
   8.9599000e-01   1.4038776e-02
   8.8692000e-01   1.5168925e-02
   8.7785000e-01   1.6290178e-02
   8.6878000e-01   1.7403560e-02
   8.5970000e-01   1.8511213e-02
   8.5059000e-01   1.9616369e-02
   8.4151000e-01   2.0712487e-02
   8.3243000e-01   2.1803855e-02
   8.2334000e-01   2.2892213e-02
   8.1425000e-01   2.3976809e-02
   8.0516000e-01   2.5058002e-02
   7.9606000e-01   2.6137244e-02
   7.8697000e-01   2.7212341e-02
   7.7788000e-01   2.8284571e-02
   7.6879000e-01   2.9221644e-02
   7.5969000e-01   3.0135892e-02
   7.5060000e-01   3.1030966e-02
   7.4150000e-01   3.1908502e-02
   7.3243000e-01   3.2764359e-02
   7.2333000e-01   3.3603849e-02
   7.1423000e-01   3.4423752e-02
   7.0513000e-01   3.5223711e-02
   6.9603000e-01   3.6003374e-02
   6.8696000e-01   3.6759924e-02
   6.7786000e-01   3.7498030e-02
   6.6876000e-01   3.8214828e-02
   6.5967000e-01   3.8909254e-02
   6.5058000e-01   3.9581812e-02
   6.4151000e-01   4.0230818e-02
   6.3243000e-01   4.0858200e-02
   6.2338000e-01   4.1461033e-02
   6.1431000e-01   4.2042474e-02
   6.0525000e-01   4.2600375e-02
   5.9621000e-01   4.3134069e-02
   5.8716000e-01   4.3585077e-02
   5.7812000e-01   4.3996960e-02
   5.6907000e-01   4.4383039e-02
   5.6002000e-01   4.4742927e-02
   5.5096000e-01   4.5077101e-02
   5.4192000e-01   4.5384655e-02
   5.3288000e-01   4.5666550e-02
   5.2382000e-01   4.5923557e-02
   5.1474000e-01   4.6155775e-02
   5.0567000e-01   4.6362695e-02
   4.9660000e-01   4.6544920e-02
   4.8753000e-01   4.6702811e-02
   4.7843000e-01   4.6837163e-02
   4.6932000e-01   4.6943802e-02
   4.6023000e-01   4.7019584e-02
   4.5112000e-01   4.7071571e-02
   4.4201000e-01   4.7099905e-02
   4.3288000e-01   4.7104909e-02
   4.2376000e-01   4.7086866e-02
   4.1464000e-01   4.7046129e-02
   4.0548000e-01   4.6982701e-02
   3.9637000e-01   4.6897559e-02
   3.8724000e-01   4.6790463e-02
   3.7812000e-01   4.6662013e-02
   3.6899000e-01   4.6512190e-02
   3.5989000e-01   4.6341956e-02
   3.5075000e-01   4.6150169e-02
   3.4164000e-01   4.5938432e-02
   3.3251000e-01   4.5705740e-02
   3.2340000e-01   4.5453190e-02
   3.1432000e-01   4.5181247e-02
   3.0520000e-01   4.4887744e-02
   2.9611000e-01   4.4574793e-02
   2.8701000e-01   4.4208801e-02
   2.7794000e-01   4.3783989e-02
   2.6886000e-01   4.3339148e-02
   2.5980000e-01   4.2875197e-02
   2.5073000e-01   4.2389945e-02
   2.4168000e-01   4.1846303e-02
   2.3263000e-01   4.1268383e-02
   2.2362000e-01   4.0670679e-02
   2.1462000e-01   4.0049960e-02
   2.0560000e-01   3.9402530e-02
   1.9663000e-01   3.8731801e-02
   1.8769000e-01   3.8034731e-02
   1.7872000e-01   3.7213288e-02
   1.6983000e-01   3.6341620e-02
   1.6095000e-01   3.5439154e-02
   1.5207000e-01   3.4503028e-02
   1.4326000e-01   3.3538826e-02
   1.3446000e-01   3.2537900e-02
   1.2570000e-01   3.1500988e-02
   1.1701000e-01   3.0428899e-02
   1.0836000e-01   2.9314621e-02
   9.9800000e-02   2.8160763e-02
   9.1330000e-02   2.6963110e-02
   8.2970000e-02   2.5717288e-02
   7.4750000e-02   2.4414800e-02
   6.6730000e-02   2.3074316e-02
   5.9010000e-02   2.1706454e-02
   5.1630000e-02   2.0312813e-02
   4.4780000e-02   1.8877101e-02
   3.8510000e-02   1.7466661e-02
   3.2940000e-02   1.6126158e-02
   2.8070000e-02   1.4866841e-02
   2.3860000e-02   1.3693276e-02
   2.0250000e-02   1.2605863e-02
   1.7150000e-02   1.1594823e-02
   1.4470000e-02   1.0646324e-02
   1.2150000e-02   9.7528742e-03
   1.0130000e-02   8.9022887e-03
   8.3700000e-03   8.0883066e-03
   6.8200000e-03   7.2982573e-03
   5.4700000e-03   6.5340471e-03
   4.2800000e-03   5.7782281e-03
   3.2500000e-03   5.0340669e-03
   2.3700000e-03   4.2980695e-03
   1.6300000e-03   3.5639367e-03
   1.0400000e-03   2.8464545e-03
   5.7000000e-04   2.1063929e-03
   2.6000000e-04   1.4217386e-03
   7.0000000e-05   7.3722083e-04
   0.0000000e+00   0.0000000e+00
   6.0000000e-05  -7.2139335e-04
   2.5000000e-04  -1.4726101e-03
   5.7000000e-04  -2.2234192e-03
   1.0200000e-03  -2.9739745e-03
   1.6200000e-03  -3.7460288e-03
   2.3500000e-03  -4.5074443e-03
   3.2300000e-03  -5.2783970e-03
   4.2500000e-03  -6.0468698e-03
   5.4300000e-03  -6.8248952e-03
   6.7800000e-03  -7.6136998e-03
   8.3100000e-03  -8.4138114e-03
   1.0070000e-02  -9.2433258e-03
   1.2070000e-02  -1.0097296e-02
   1.4380000e-02  -1.0994293e-02
   1.7040000e-02  -1.1936032e-02
   2.0120000e-02  -1.2932253e-02
   2.3710000e-02  -1.3994548e-02
   2.7860000e-02  -1.5119689e-02
   3.2660000e-02  -1.6314495e-02
   3.8140000e-02  -1.7570479e-02
   4.4290000e-02  -1.8853301e-02
   5.0990000e-02  -2.0136055e-02
   5.8210000e-02  -2.1417422e-02
   6.5820000e-02  -2.2676521e-02
   7.3720000e-02  -2.3902386e-02
   8.1870000e-02  -2.5095086e-02
   9.0160000e-02  -2.6245042e-02
   9.8580000e-02  -2.7357032e-02
   1.0714000e-01  -2.8437010e-02
   1.1576000e-01  -2.9478834e-02
   1.2443000e-01  -3.0484828e-02
   1.3315000e-01  -3.1457616e-02
   1.4194000e-01  -3.2401134e-02
   1.5078000e-01  -3.3314301e-02
   1.5962000e-01  -3.4192905e-02
   1.6852000e-01  -3.5043358e-02
   1.7742000e-01  -3.5860005e-02
   1.8636000e-01  -3.6646413e-02
   1.9531000e-01  -3.7399537e-02
   2.0428000e-01  -3.8119736e-02
   2.1325000e-01  -3.8804829e-02
   2.2226000e-01  -3.9457060e-02
   2.3127000e-01  -4.0072486e-02
   2.4029000e-01  -4.0546493e-02
   2.4931000e-01  -4.0985034e-02
   2.5833000e-01  -4.1387629e-02
   2.6733000e-01  -4.1753013e-02
   2.7635000e-01  -4.2082321e-02
   2.8537000e-01  -4.2374224e-02
   2.9435000e-01  -4.2627231e-02
   3.0332000e-01  -4.2842095e-02
   3.1227000e-01  -4.3018405e-02
   3.2120000e-01  -4.3156108e-02
   3.3012000e-01  -4.3255296e-02
   3.3899000e-01  -4.3315718e-02
   3.4788000e-01  -4.3337912e-02
   3.5676000e-01  -4.3321668e-02
   3.6562000e-01  -4.3267194e-02
   3.7446000e-01  -4.3174808e-02
   3.8331000e-01  -4.3044385e-02
   3.9216000e-01  -4.2876198e-02
   4.0100000e-01  -4.2670756e-02
   4.0985000e-01  -4.2427913e-02
   4.1870000e-01  -4.2148265e-02
   4.2756000e-01  -4.1831879e-02
   4.3642000e-01  -4.1402996e-02
   4.4533000e-01  -4.0922499e-02
   4.5422000e-01  -4.0407527e-02
   4.6313000e-01  -3.9856795e-02
   4.7207000e-01  -3.9270484e-02
   4.8100000e-01  -3.8652243e-02
   4.8996000e-01  -3.8000384e-02
   4.9897000e-01  -3.7314279e-02
   5.0796000e-01  -3.6600399e-02
   5.1698000e-01  -3.5856064e-02
   5.2602000e-01  -3.5083251e-02
   5.3509000e-01  -3.4282313e-02
   5.4417000e-01  -3.3456317e-02
   5.5327000e-01  -3.2605746e-02
   5.6239000e-01  -3.1731996e-02
   5.7151000e-01  -3.0838490e-02
   5.8066000e-01  -2.9923801e-02
   5.8983000e-01  -2.8990425e-02
   5.9899000e-01  -2.8043052e-02
   6.0816000e-01  -2.7012207e-02
   6.1736000e-01  -2.5959092e-02
   6.2655000e-01  -2.4901207e-02
   6.3574000e-01  -2.3839198e-02
   6.4494000e-01  -2.2773701e-02
   6.5414000e-01  -2.1707679e-02
   6.6335000e-01  -2.0641792e-02
   6.7256000e-01  -1.9579027e-02
   6.8176000e-01  -1.8522364e-02
   6.9092000e-01  -1.7477027e-02
   7.0009000e-01  -1.6439102e-02
   7.0928000e-01  -1.5409332e-02
   7.1844000e-01  -1.4395140e-02
   7.2758000e-01  -1.3397151e-02
   7.3670000e-01  -1.2417102e-02
   7.4581000e-01  -1.1455671e-02
   7.5492000e-01  -1.0513614e-02
   7.6402000e-01  -9.5600029e-03
   7.7313000e-01  -8.5820776e-03
   7.8223000e-01  -7.6349659e-03
   7.9131000e-01  -6.7217533e-03
   8.0037000e-01  -5.8444176e-03
   8.0944000e-01  -5.0021976e-03
   8.1849000e-01  -4.2000280e-03
   8.2752000e-01  -3.4398739e-03
   8.3654000e-01  -2.7229275e-03
   8.4553000e-01  -2.0527451e-03
   8.5451000e-01  -1.4298132e-03
   8.6349000e-01  -8.5567197e-04
   8.7242000e-01  -3.3544710e-04
   8.8134000e-01   1.3132690e-04
   8.9022000e-01   5.4111317e-04
   8.9908000e-01   8.9293077e-04
   9.0791000e-01   1.1843533e-03
   9.1671000e-01   1.4134133e-03
   9.2546000e-01   1.5778020e-03
   9.3417000e-01   1.6759998e-03
   9.4281000e-01   1.7061717e-03
   9.5136000e-01   1.6673393e-03
   9.5981000e-01   1.5590337e-03
   9.6805000e-01   1.3918403e-03
   9.7601000e-01   1.1580992e-03
   9.8355000e-01   8.6873643e-04
   9.9042000e-01   5.4594891e-04
   9.9646000e-01   2.1487495e-04
   1.0000000e+00   0.0000000e+00
