
   1.0000000e+00   0.0000000e+00
   9.9651000e-01   9.3980924e-04
   9.9047000e-01   2.5459456e-03
   9.8350000e-01   4.3677002e-03
   9.7576000e-01   6.3514960e-03
   9.6746000e-01   8.4336585e-03
   9.5883000e-01   1.0550962e-02
   9.5002000e-01   1.2667864e-02
   9.4111000e-01   1.4761518e-02
   9.3212000e-01   1.6826985e-02
   9.2310000e-01   1.8852989e-02
   9.1407000e-01   2.0835681e-02
   9.0504000e-01   2.2824834e-02
   8.9599000e-01   2.4811922e-02
   8.8692000e-01   2.6774836e-02
   8.7785000e-01   2.8709415e-02
   8.6878000e-01   3.0615741e-02
   8.5970000e-01   3.2495787e-02
   8.5059000e-01   3.4353275e-02
   8.4151000e-01   3.6175606e-02
   8.3243000e-01   3.7968459e-02
   8.2334000e-01   3.9733166e-02
   8.1425000e-01   4.1467051e-02
   8.0516000e-01   4.3169342e-02
   7.9606000e-01   4.4841020e-02
   7.8697000e-01   4.6477512e-02
   7.7788000e-01   4.8079727e-02
   7.6879000e-01   4.9646681e-02
   7.5969000e-01   5.1179025e-02
   7.5060000e-01   5.2672360e-02
   7.4150000e-01   5.4128927e-02
   7.3243000e-01   5.5541409e-02
   7.2333000e-01   5.6918110e-02
   7.1423000e-01   5.8253262e-02
   7.0513000e-01   5.9545852e-02
   6.9603000e-01   6.0794893e-02
   6.8696000e-01   6.1995531e-02
   6.7786000e-01   6.3154788e-02
   6.6876000e-01   6.4267738e-02
   6.5967000e-01   6.5332397e-02
   6.5058000e-01   6.6349226e-02
   6.4151000e-01   6.7315412e-02
   6.3243000e-01   6.8274402e-02
   6.2338000e-01   6.9273426e-02
   6.1431000e-01   7.0226669e-02
   6.0525000e-01   7.1130039e-02
   5.9621000e-01   7.1981983e-02
   5.8716000e-01   7.2784664e-02
   5.7812000e-01   7.3535622e-02
   5.6907000e-01   7.4235883e-02
   5.6002000e-01   7.4884011e-02
   5.5096000e-01   7.5480113e-02
   5.4192000e-01   7.6021836e-02
   5.3288000e-01   7.6510143e-02
   5.2382000e-01   7.6945577e-02
   5.1474000e-01   7.7327472e-02
   5.0567000e-01   7.7654216e-02
   4.9660000e-01   7.7926050e-02
   4.8753000e-01   7.8142813e-02
   4.7843000e-01   7.8304829e-02
   4.6932000e-01   7.8411300e-02
   4.6023000e-01   7.8461930e-02
   4.5112000e-01   7.8456944e-02
   4.4201000e-01   7.8396206e-02
   4.3288000e-01   7.8279465e-02
   4.2376000e-01   7.8107110e-02
   4.1464000e-01   7.7879164e-02
   4.0548000e-01   7.7594405e-02
   3.9637000e-01   7.7492543e-02
   3.8724000e-01   7.7438047e-02
   3.7812000e-01   7.7336512e-02
   3.6899000e-01   7.7187696e-02
   3.5989000e-01   7.6992388e-02
   3.5075000e-01   7.6748985e-02
   3.4164000e-01   7.6459236e-02
   3.3251000e-01   7.6121571e-02
   3.2340000e-01   7.5737382e-02
   3.1432000e-01   7.5307351e-02
   3.0520000e-01   7.4827912e-02
   2.9611000e-01   7.4302430e-02
   2.8701000e-01   7.3728448e-02
   2.7794000e-01   7.3108259e-02
   2.6886000e-01   7.2438809e-02
   2.5980000e-01   7.1721803e-02
   2.5073000e-01   7.0954235e-02
   2.4168000e-01   7.0137877e-02
   2.3263000e-01   6.9270079e-02
   2.2362000e-01   6.8353838e-02
   2.1462000e-01   6.7385156e-02
   2.0560000e-01   6.6359102e-02
   1.9663000e-01   6.5282052e-02
   1.8769000e-01   6.4150222e-02
   1.7872000e-01   6.2953529e-02
   1.6983000e-01   6.1704323e-02
   1.6095000e-01   6.0390463e-02
   1.5207000e-01   5.9006810e-02
   1.4326000e-01   5.7560766e-02
   1.3446000e-01   5.6046355e-02
   1.2570000e-01   5.4513706e-02
   1.1701000e-01   5.2893428e-02
   1.0836000e-01   5.1174293e-02
   9.9800000e-02   4.9359766e-02
   9.1330000e-02   4.7442872e-02
   8.2970000e-02   4.5419797e-02
   7.4750000e-02   4.3288387e-02
   6.6730000e-02   4.1054482e-02
   5.9010000e-02   3.8738064e-02
   5.1630000e-02   3.6345034e-02
   4.4780000e-02   3.3937454e-02
   3.8510000e-02   3.1542851e-02
   3.2940000e-02   2.9227211e-02
   2.8070000e-02   2.7044875e-02
   2.3860000e-02   2.4988053e-02
   2.0250000e-02   2.3059488e-02
   1.7150000e-02   2.1249993e-02
   1.4470000e-02   1.9540502e-02
   1.2150000e-02   1.7921475e-02
   1.0130000e-02   1.6375864e-02
   8.3700000e-03   1.4894290e-02
   6.8200000e-03   1.3451282e-02
   5.4700000e-03   1.2051533e-02
   4.2800000e-03   1.0663976e-02
   3.2500000e-03   9.2971638e-03
   2.3700000e-03   7.9449460e-03
   1.6300000e-03   6.5932411e-03
   1.0400000e-03   5.2692853e-03
   5.7000000e-04   3.9026138e-03
   2.6000000e-04   2.6364866e-03
   7.0000000e-05   1.3682389e-03
   0.0000000e+00   0.0000000e+00
   6.0000000e-05  -1.3387024e-03
   2.5000000e-04  -2.7313880e-03
   5.7000000e-04  -4.1212309e-03
   1.0200000e-03  -5.5083688e-03
   1.6200000e-03  -6.9341433e-03
   2.3500000e-03  -8.3406475e-03
   3.2300000e-03  -9.7639785e-03
   4.2500000e-03  -1.1181025e-02
   5.4300000e-03  -1.2613565e-02
   6.7800000e-03  -1.4063316e-02
   8.3100000e-03  -1.5530590e-02
   1.0070000e-02  -1.7047642e-02
   1.2070000e-02  -1.8604172e-02
   1.4380000e-02  -2.0232302e-02
   1.7040000e-02  -2.1932697e-02
   2.0120000e-02  -2.3719606e-02
   2.3710000e-02  -2.5625462e-02
   2.7860000e-02  -2.7642070e-02
   3.2660000e-02  -2.9766900e-02
   3.8140000e-02  -3.1978395e-02
   4.4290000e-02  -3.4245155e-02
   5.0990000e-02  -3.6508434e-02
   5.8210000e-02  -3.8753714e-02
   6.5820000e-02  -4.0942974e-02
   7.3720000e-02  -4.3056293e-02
   8.1870000e-02  -4.5093222e-02
   9.0160000e-02  -4.7037146e-02
   9.8580000e-02  -4.8896145e-02
   1.0714000e-01  -5.0680001e-02
   1.1576000e-01  -5.2378521e-02
   1.2443000e-01  -5.3995686e-02
   1.3315000e-01  -5.5535854e-02
   1.4194000e-01  -5.7005237e-02
   1.5078000e-01  -5.8402078e-02
   1.5962000e-01  -5.9720122e-02
   1.6852000e-01  -6.0969105e-02
   1.7742000e-01  -6.2140820e-02
   1.8636000e-01  -6.3240569e-02
   1.9531000e-01  -6.4264231e-02
   2.0428000e-01  -6.5212533e-02
   2.1325000e-01  -6.6118330e-02
   2.2226000e-01  -6.7090044e-02
   2.3127000e-01  -6.7992630e-02
   2.4029000e-01  -6.8873321e-02
   2.4931000e-01  -6.9699491e-02
   2.5833000e-01  -7.0450610e-02
   2.6733000e-01  -7.1124138e-02
   2.7635000e-01  -7.1722041e-02
   2.8537000e-01  -7.2241833e-02
   2.9435000e-01  -7.2680961e-02
   3.0332000e-01  -7.3040931e-02
   3.1227000e-01  -7.3321276e-02
   3.2120000e-01  -7.3522227e-02
   3.3012000e-01  -7.3644270e-02
   3.3899000e-01  -7.3720993e-02
   3.4788000e-01  -7.3779067e-02
   3.5676000e-01  -7.3761067e-02
   3.6562000e-01  -7.3667566e-02
   3.7446000e-01  -7.3517600e-02
   3.8331000e-01  -7.3314155e-02
   3.9216000e-01  -7.3035172e-02
   4.0100000e-01  -7.2681875e-02
   4.0985000e-01  -7.2254403e-02
   4.1870000e-01  -7.1754199e-02
   4.2756000e-01  -7.1181809e-02
   4.3642000e-01  -7.0539136e-02
   4.4533000e-01  -6.9823488e-02
   4.5422000e-01  -6.9041801e-02
   4.6313000e-01  -6.8192358e-02
   4.7207000e-01  -6.7275587e-02
   4.8100000e-01  -6.6297431e-02
   4.8996000e-01  -6.5255484e-02
   4.9897000e-01  -6.4148926e-02
   5.0796000e-01  -6.2988488e-02
   5.1698000e-01  -6.1770159e-02
   5.2602000e-01  -6.0497482e-02
   5.3509000e-01  -5.9171370e-02
   5.4417000e-01  -5.7797267e-02
   5.5327000e-01  -5.6376362e-02
   5.6239000e-01  -5.4911383e-02
   5.7151000e-01  -5.3408492e-02
   5.8066000e-01  -5.1865715e-02
   5.8983000e-01  -5.0287676e-02
   5.9899000e-01  -4.8682756e-02
   6.0816000e-01  -4.7050758e-02
   6.1736000e-01  -4.5391315e-02
   6.2655000e-01  -4.3714955e-02
   6.3574000e-01  -4.2023286e-02
   6.4494000e-01  -4.0317860e-02
   6.5414000e-01  -3.8603942e-02
   6.6335000e-01  -3.6883093e-02
   6.7256000e-01  -3.5160613e-02
   6.8176000e-01  -3.3441802e-02
   6.9092000e-01  -3.1735640e-02
   7.0009000e-01  -3.0036157e-02
   7.0928000e-01  -2.8344906e-02
   7.1844000e-01  -2.6744985e-02
   7.2758000e-01  -2.5169596e-02
   7.3670000e-01  -2.3616813e-02
   7.4581000e-01  -2.2087780e-02
   7.5492000e-01  -2.0583696e-02
   7.6402000e-01  -1.9109056e-02
   7.7313000e-01  -1.7663486e-02
   7.8223000e-01  -1.6253007e-02
   7.9131000e-01  -1.4881822e-02
   8.0037000e-01  -1.3552482e-02
   8.0944000e-01  -1.2263302e-02
   8.1849000e-01  -1.1021244e-02
   8.2752000e-01  -9.8360829e-03
   8.3654000e-01  -8.7054141e-03
   8.4553000e-01  -7.6291819e-03
   8.5451000e-01  -6.6074798e-03
   8.6349000e-01  -5.6516410e-03
   8.7242000e-01  -4.7694444e-03
   8.8134000e-01  -3.9448110e-03
   8.9022000e-01  -3.1832651e-03
   8.9908000e-01  -2.4857263e-03
   9.0791000e-01  -1.8557000e-03
   9.1671000e-01  -1.2957779e-03
   9.2546000e-01  -8.0956067e-04
   9.3417000e-01  -3.9866144e-04
   9.4281000e-01  -6.6353541e-05
   9.5136000e-01   1.8547244e-04
   9.5981000e-01   3.5233613e-04
   9.6805000e-01   4.3754146e-04
   9.7601000e-01   4.4560383e-04
   9.8355000e-01   3.8338419e-04
   9.9042000e-01   2.6545952e-04
   9.9646000e-01   1.1205788e-04
   1.0000000e+00   0.0000000e+00
